1.5025098279379268
2.768908100373206
5.280908298666269
2.6097475978165545
5.682596269610907
5.385968988844467
7.077443667002688
-----
1.1909136168612156
3.181902429604493
5.696426530021814
2.059427674573901
5.865206796009204
5.367251811945766
6.555484563934427
-----
1.4391036386826808
2.54858844653323
5.185112827019082
2.7173586057957952
5.711604983268595
5.649266399097662
6.995860398411826
-----
1.141700519926435
2.8421103792347866
5.318672432574876
3.0361860209549842
5.706592420649559
5.180478683468364
7.097038172763962
-----
0.36598371691386783
3.707415365406978
5.618303464299586
2.5029636249593863
5.70411456624453
5.1866483699849155
7.658283568762955
-----
0.5399985405531449
4.17579413183489
5.131372256897142
1.9948097573516024
5.72419606103124
5.679582705452546
7.016986187517741
-----
1.4135460382950737
4.149094812908224
5.29288796905254
1.6135053266351693
5.405744456993113
5.168682405930448
7.826155960741733
-----
0.9405879107791818
4.389060950402899
4.76817063217845
1.991855449417463
5.645848579925769
5.383988445556226
7.521952126960031
-----
1.3812433963108044
5.213067290606164
4.622246091039006
1.9849158882724878
4.796313316565678
4.948846022696788
8.21347197803629
-----
1.6849073923355191
5.989051946559089
3.979442192659068
2.813246746701647
4.622520911668007
3.9310137545228816
7.919268222215153
-----
2.357926843513331
5.875526900153492
4.287373907526518
1.9345847124747781
4.518809153906069
4.165450172146895
7.4413132411156635
-----
3.3501862252580126
5.356694497282757
5.1237983655483275
1.9411923702843945
3.9112821489649297
3.365383391869616
7.805852003167842
-----
2.745440291704929
4.9796255762351995
6.045975494292478
1.8101625030235367
3.721796709328647
3.7135956971067277
7.933614913233947
-----
1.9555418632395503
5.312946803188636
5.230804115058615
2.004536820720477
4.043616707211196
4.229675584754169
8.89151242330943
-----
1.0077635840948553
6.159098792994508
4.502588651398237
2.4542542238795475
4.202873607177451
4.277776592762546
9.582578190771413
-----
1.2287013989549107
6.440697483588793
3.9582789861572905
3.082190427563515
4.36998654462851
3.5490138966381424
9.484525049875348
-----
0.8421144336465306
6.27701777445596
3.292105596084033
2.702305805099984
5.623184846532386
3.636579779188803
10.506767059969192
-----
0.9453038476940526
6.199828167198125
2.2474734590019376
3.4154241694653287
5.737608698106199
4.182889103522478
9.085890220047514
-----
1.5130779876937877
5.569980611708298
2.530129513888405
3.0512554595114367
5.376070848186874
4.564768133071663
9.57886978375813
-----
1.2487515699453196
5.776871855144839
2.868497238820483
3.927610912940134
4.477601670896282
4.278418037385753
9.688994859468755
